2
10
10
12
15
15
15
16
16
20
21
22
22
24
27
27
27
33
34
35
43
46
47
47
48
48
49
51
51
53
53
53
54
54
54
55
55
55
57
58
60
61
61
61
62
64
67
68
68
68
69
69
69
70
77
79
81
81
84
88
89
91
92
92
93
95
96
98
101
102
102
102
103
103
105
107
107
110
111
112
112
113
114
114
114
117
120
120
121
121
121
122
123
123
124
124
124
124
125
126
127
127
128
132
133
133
134
135
135
136
136
137
137
137
137
137
137
140
140
142
143
143
143
143
143
145
145
145
146
146
146
147
147
148
149
149
150
151
151
155
155
156
156
156
156
156
157
158
158
158
159
160
160
160
160
162
164
165
166
170
175
177
178
178
178
181
182
183
183
191
192
192
193
195
195
196
197
197
197
199
199
199
200
200
201
201
201
202
204
205
206
209
210
210
211
211
213
214
215
216
216
216
217
217
217
217
218
219
219
220
223
223
223
224
224
224
225
225
229
229
229
230
230
230
231
231
231
231
231
231
232
232
233
233
235
235
236
236
236
236
237
237
241
242
243
249
249
249
249
249
249
250
250
251
251
251
251
252
252
252
253
253
253
254
254
254
254
254
255
256
256
256
257
257
257
257
257
257
257
257
258
260
260
260
260
260
262
262
262
263
263
264
264
264
264
264
265
265
267
267
268
278
287
293
304
310
317
318
324
326
330
337
342
343
357
368
371