3.72000000000000
3.87000000000000
3
3.08000000000000
3.18000000000000
3.03000000000000
2.95000000000000
3.90000000000000
3.22000000000000
3
3.47000000000000
5.41000000000000
2.99000000000000
3.62000000000000
3.63000000000000
3.39000000000000
2.81000000000000
3.08000000000000
3.40000000000000
3.53000000000000
7
2.93000000000000
3.85000000000000
3.55000000000000
3.31000000000000
2.95000000000000
3.59000000000000
3.59000000000000
3.01000000000000
4.16000000000000
3.55000000000000
3.43000000000000
3.73000000000000
3.45000000000000
2.88000000000000
3.86000000000000
3.65000000000000
3.26000000000000
3.54000000000000
3.82000000000000
3.61000000000000
3.38000000000000
3.06000000000000
2.91000000000000
3.17000000000000
3.57000000000000
2.97000000000000
4.28000000000000
3.98000000000000
3.51000000000000
3.96000000000000
3.33000000000000
3.21000000000000
2.96000000000000
3.57000000000000
3.46000000000000
3.48000000000000
3.29000000000000
3.03000000000000
3.95000000000000
3.99000000000000
3.44000000000000
4.84000000000000
3.17000000000000
3.83000000000000
3.66000000000000
3.14000000000000
3.24000000000000
3.33000000000000
3.95000000000000
3.29000000000000
3.23000000000000
3.49000000000000
3.32000000000000
3.05000000000000
3.20000000000000
3.16000000000000
3.60000000000000
5.24000000000000
5.42000000000000
3.55000000000000
4.27000000000000
4.19000000000000
3.44000000000000
3.21000000000000
3.99000000000000
5.43000000000000
3.89000000000000
3.78000000000000
3.25000000000000
2.96000000000000
3.89000000000000
3.57000000000000
3.15000000000000
3.98000000000000
3.97000000000000
3.74000000000000
3.24000000000000
5.42000000000000
3.18000000000000
4.17000000000000
3.44000000000000
4.19000000000000
3.89000000000000
5.43000000000000
3.99000000000000
4.19000000000000
3.97000000000000
3.42000000000000
3.53000000000000
3.41000000000000
4.26000000000000
4.18000000000000
3.72000000000000
3.55000000000000
3.40000000000000
3.32000000000000
4.15000000000000
3.49000000000000
6.82000000000000
4.86000000000000
4.27000000000000
3.87000000000000
3.87000000000000
3.54000000000000
3.94000000000000
3.55000000000000
3.13000000000000
5.43000000000000
3.49000000000000
3.44000000000000
4.28000000000000
3.30000000000000
3.90000000000000
3.75000000000000
3.52000000000000
3.54000000000000
4.27000000000000
3.34000000000000
3.77000000000000
3.49000000000000
3.84000000000000
3.73000000000000
3.61000000000000
3.08000000000000
3.06000000000000
3.45000000000000
3.73000000000000
3.59000000000000
3.26000000000000
3.31000000000000
3.96000000000000
3.63000000000000
3.46000000000000
3.08000000000000
3.48000000000000
3.14000000000000
4.17000000000000
3.98000000000000
3.87000000000000
3.44000000000000
3.58000000000000
3.88000000000000
3.66000000000000
3.51000000000000
3.52000000000000
3.61000000000000
3.94000000000000
3.90000000000000
3.99000000000000
3.92000000000000
3.76000000000000
3.64000000000000
5.26000000000000
4.27000000000000
3.50000000000000
3.50000000000000
3.46000000000000
3.44000000000000
3.93000000000000
3.81000000000000
3.51000000000000
3.77000000000000
3.66000000000000
3.96000000000000
3.75000000000000
3.72000000000000
5.41000000000000
4.16000000000000
4.28000000000000
3.99000000000000
3.20000000000000
3.75000000000000
3.14000000000000
6.99000000000000
3.99000000000000
3.96000000000000
4.15000000000000
3.85000000000000
4.85000000000000
3.96000000000000
3.74000000000000
4.84000000000000
4.25000000000000
3.86000000000000
3.74000000000000
3.65000000000000
3.91000000000000
3.87000000000000
3.59000000000000
3.89000000000000
3.61000000000000
3.43000000000000
4.27000000000000
3.48000000000000
3.45000000000000
4.18000000000000
3.74000000000000
3.86000000000000
3.57000000000000
3.25000000000000
4.85000000000000
3.75000000000000
3.23000000000000
3.97000000000000
3.86000000000000
3.64000000000000
3.57000000000000
3.55000000000000
3.32000000000000
4.15000000000000
3.86000000000000
3.77000000000000
3.74000000000000
3.74000000000000
3.64000000000000
4.87000000000000
4.84000000000000
4.27000000000000
3.52000000000000
5.44000000000000
5.44000000000000
4.27000000000000
3.92000000000000
3.63000000000000
5.44000000000000
3.97000000000000
3.77000000000000
3.61000000000000
3.37000000000000
3.30000000000000
4.86000000000000
3.99000000000000
3.90000000000000
3.89000000000000
3.88000000000000
3.87000000000000
4.18000000000000
3.95000000000000
3.35000000000000
3.60000000000000
3.40000000000000
3.28000000000000
3.93000000000000
3.84000000000000
3.54000000000000
3.47000000000000
3.36000000000000
4.19000000000000
4.19000000000000
4.14000000000000
3.94000000000000
4.19000000000000
4.18000000000000
4.18000000000000
3.76000000000000
3.60000000000000
3.57000000000000
3.15000000000000
3.13000000000000
3.50000000000000
4.27000000000000
3.85000000000000
3.73000000000000
3.25000000000000
3.09000000000000
3.94000000000000
3.54000000000000
3.50000000000000
3.40000000000000
3.10000000000000
3.94000000000000
3.78000000000000
3.23000000000000
3.18000000000000
3.14000000000000
3.98000000000000
3.90000000000000
4.20000000000000
3.60000000000000
3.93000000000000
3.82000000000000
3.89000000000000
3.97000000000000
3.96000000000000
3.90000000000000
4.18000000000000
4.19000000000000
4.25000000000000
4.15000000000000
5.24000000000000
4.29000000000000
3.42000000000000
3.97000000000000
3.76000000000000
3.46000000000000
3.90000000000000